999
100000 100000
101680 101118
103360 102236
105040 103354
106720 104472
108400 105590
110080 106708
111760 107826
113440 108944
115120 110062
116800 111180
118480 112298
120160 113416
121840 114534
123520 115652
125200 116770
126880 117888
128560 119006
130240 120124
131920 121242
133600 122360
135280 123478
136960 124596
138640 125714
140320 126832
142000 127950
143680 129068
98882 101680
100562 102798
102242 103916
103922 105034
105602 106152
107282 107270
108962 108388
110642 109506
112322 110624
114002 111742
115682 112860
117362 113978
119042 115096
120722 116214
122402 117332
124082 118450
125762 119568
127442 120686
129122 121804
130802 122922
132482 124040
134162 125158
135842 126276
137522 127394
139202 128512
140882 129630
142562 130748
97764 103360
99444 104478
101124 105596
102804 106714
104484 107832
106164 108950
107844 110068
109524 111186
111204 112304
112884 113422
114564 114540
116244 115658
117924 116776
119604 117894
121284 119012
122964 120130
124644 121248
126324 122366
128004 123484
129684 124602
131364 125720
133044 126838
134724 127956
136404 129074
138084 130192
139764 131310
141444 132428
96646 105040
98326 106158
100006 107276
101686 108394
103366 109512
105046 110630
106726 111748
108406 112866
110086 113984
111766 115102
113446 116220
115126 117338
116806 118456
118486 119574
120166 120692
121846 121810
123526 122928
125206 124046
126886 125164
128566 126282
130246 127400
131926 128518
133606 129636
135286 130754
136966 131872
138646 132990
140326 134108
95528 106720
97208 107838
98888 108956
100568 110074
102248 111192
103928 112310
105608 113428
107288 114546
108968 115664
110648 116782
112328 117900
114008 119018
115688 120136
117368 121254
119048 122372
120728 123490
122408 124608
124088 125726
125768 126844
127448 127962
129128 129080
130808 130198
132488 131316
134168 132434
135848 133552
137528 134670
139208 135788
94410 108400
96090 109518
97770 110636
99450 111754
101130 112872
102810 113990
104490 115108
106170 116226
107850 117344
109530 118462
111210 119580
112890 120698
114570 121816
116250 122934
117930 124052
119610 125170
121290 126288
122970 127406
124650 128524
126330 129642
128010 130760
129690 131878
131370 132996
133050 134114
134730 135232
136410 136350
138090 137468
93292 110080
94972 111198
96652 112316
98332 113434
100012 114552
101692 115670
103372 116788
105052 117906
106732 119024
108412 120142
110092 121260
111772 122378
113452 123496
115132 124614
116812 125732
118492 126850
120172 127968
121852 129086
123532 130204
125212 131322
126892 132440
128572 133558
130252 134676
131932 135794
133612 136912
135292 138030
136972 139148
92174 111760
93854 112878
95534 113996
97214 115114
98894 116232
100574 117350
102254 118468
103934 119586
105614 120704
107294 121822
108974 122940
110654 124058
112334 125176
114014 126294
115694 127412
117374 128530
119054 129648
120734 130766
122414 131884
124094 133002
125774 134120
127454 135238
129134 136356
130814 137474
132494 138592
134174 139710
135854 140828
91056 113440
92736 114558
94416 115676
96096 116794
97776 117912
99456 119030
101136 120148
102816 121266
104496 122384
106176 123502
107856 124620
109536 125738
111216 126856
112896 127974
114576 129092
116256 130210
117936 131328
119616 132446
121296 133564
122976 134682
124656 135800
126336 136918
128016 138036
129696 139154
131376 140272
133056 141390
134736 142508
89938 115120
91618 116238
93298 117356
94978 118474
96658 119592
98338 120710
100018 121828
101698 122946
103378 124064
105058 125182
106738 126300
108418 127418
110098 128536
111778 129654
113458 130772
115138 131890
116818 133008
118498 134126
120178 135244
121858 136362
123538 137480
125218 138598
126898 139716
128578 140834
130258 141952
131938 143070
133618 144188
88820 116800
90500 117918
92180 119036
93860 120154
95540 121272
97220 122390
98900 123508
100580 124626
102260 125744
103940 126862
105620 127980
107300 129098
108980 130216
110660 131334
112340 132452
114020 133570
115700 134688
117380 135806
119060 136924
120740 138042
122420 139160
124100 140278
125780 141396
127460 142514
129140 143632
130820 144750
132500 145868
87702 118480
89382 119598
91062 120716
92742 121834
94422 122952
96102 124070
97782 125188
99462 126306
101142 127424
102822 128542
104502 129660
106182 130778
107862 131896
109542 133014
111222 134132
112902 135250
114582 136368
116262 137486
117942 138604
119622 139722
121302 140840
122982 141958
124662 143076
126342 144194
128022 145312
129702 146430
131382 147548
86584 120160
88264 121278
89944 122396
91624 123514
93304 124632
94984 125750
96664 126868
98344 127986
100024 129104
101704 130222
103384 131340
105064 132458
106744 133576
108424 134694
110104 135812
111784 136930
113464 138048
115144 139166
116824 140284
118504 141402
120184 142520
121864 143638
123544 144756
125224 145874
126904 146992
128584 148110
130264 149228
85466 121840
87146 122958
88826 124076
90506 125194
92186 126312
93866 127430
95546 128548
97226 129666
98906 130784
100586 131902
102266 133020
103946 134138
105626 135256
107306 136374
108986 137492
110666 138610
112346 139728
114026 140846
115706 141964
117386 143082
119066 144200
120746 145318
122426 146436
124106 147554
125786 148672
127466 149790
129146 150908
84348 123520
86028 124638
87708 125756
89388 126874
91068 127992
92748 129110
94428 130228
96108 131346
97788 132464
99468 133582
101148 134700
102828 135818
104508 136936
106188 138054
107868 139172
109548 140290
111228 141408
112908 142526
114588 143644
116268 144762
117948 145880
119628 146998
121308 148116
122988 149234
124668 150352
126348 151470
128028 152588
83230 125200
84910 126318
86590 127436
88270 128554
89950 129672
91630 130790
93310 131908
94990 133026
96670 134144
98350 135262
100030 136380
101710 137498
103390 138616
105070 139734
106750 140852
108430 141970
110110 143088
111790 144206
113470 145324
115150 146442
116830 147560
118510 148678
120190 149796
121870 150914
123550 152032
125230 153150
126910 154268
82112 126880
83792 127998
85472 129116
87152 130234
88832 131352
90512 132470
92192 133588
93872 134706
95552 135824
97232 136942
98912 138060
100592 139178
102272 140296
103952 141414
105632 142532
107312 143650
108992 144768
110672 145886
112352 147004
114032 148122
115712 149240
117392 150358
119072 151476
120752 152594
122432 153712
124112 154830
125792 155948
80994 128560
82674 129678
84354 130796
86034 131914
87714 133032
89394 134150
91074 135268
92754 136386
94434 137504
96114 138622
97794 139740
99474 140858
101154 141976
102834 143094
104514 144212
106194 145330
107874 146448
109554 147566
111234 148684
112914 149802
114594 150920
116274 152038
117954 153156
119634 154274
121314 155392
122994 156510
124674 157628
79876 130240
81556 131358
83236 132476
84916 133594
86596 134712
88276 135830
89956 136948
91636 138066
93316 139184
94996 140302
96676 141420
98356 142538
100036 143656
101716 144774
103396 145892
105076 147010
106756 148128
108436 149246
110116 150364
111796 151482
113476 152600
115156 153718
116836 154836
118516 155954
120196 157072
121876 158190
123556 159308
78758 131920
80438 133038
82118 134156
83798 135274
85478 136392
87158 137510
88838 138628
90518 139746
92198 140864
93878 141982
95558 143100
97238 144218
98918 145336
100598 146454
102278 147572
103958 148690
105638 149808
107318 150926
108998 152044
110678 153162
112358 154280
114038 155398
115718 156516
117398 157634
119078 158752
120758 159870
122438 160988
77640 133600
79320 134718
81000 135836
82680 136954
84360 138072
86040 139190
87720 140308
89400 141426
91080 142544
92760 143662
94440 144780
96120 145898
97800 147016
99480 148134
101160 149252
102840 150370
104520 151488
106200 152606
107880 153724
109560 154842
111240 155960
112920 157078
114600 158196
116280 159314
117960 160432
119640 161550
121320 162668
76522 135280
78202 136398
79882 137516
81562 138634
83242 139752
84922 140870
86602 141988
88282 143106
89962 144224
91642 145342
93322 146460
95002 147578
96682 148696
98362 149814
100042 150932
101722 152050
103402 153168
105082 154286
106762 155404
108442 156522
110122 157640
111802 158758
113482 159876
115162 160994
116842 162112
118522 163230
120202 164348
75404 136960
77084 138078
78764 139196
80444 140314
82124 141432
83804 142550
85484 143668
87164 144786
88844 145904
90524 147022
92204 148140
93884 149258
95564 150376
97244 151494
98924 152612
100604 153730
102284 154848
103964 155966
105644 157084
107324 158202
109004 159320
110684 160438
112364 161556
114044 162674
115724 163792
117404 164910
119084 166028
74286 138640
75966 139758
77646 140876
79326 141994
81006 143112
82686 144230
84366 145348
86046 146466
87726 147584
89406 148702
91086 149820
92766 150938
94446 152056
96126 153174
97806 154292
99486 155410
101166 156528
102846 157646
104526 158764
106206 159882
107886 161000
109566 162118
111246 163236
112926 164354
114606 165472
116286 166590
117966 167708
73168 140320
74848 141438
76528 142556
78208 143674
79888 144792
81568 145910
83248 147028
84928 148146
86608 149264
88288 150382
89968 151500
91648 152618
93328 153736
95008 154854
96688 155972
98368 157090
100048 158208
101728 159326
103408 160444
105088 161562
106768 162680
108448 163798
110128 164916
111808 166034
113488 167152
115168 168270
116848 169388
72050 142000
73730 143118
75410 144236
77090 145354
78770 146472
80450 147590
82130 148708
83810 149826
85490 150944
87170 152062
88850 153180
90530 154298
92210 155416
93890 156534
95570 157652
97250 158770
98930 159888
100610 161006
102290 162124
103970 163242
105650 164360
107330 165478
109010 166596
110690 167714
112370 168832
114050 169950
115730 171068
70932 143680
72612 144798
74292 145916
75972 147034
77652 148152
79332 149270
81012 150388
82692 151506
84372 152624
86052 153742
87732 154860
89412 155978
91092 157096
92772 158214
94452 159332
96132 160450
97812 161568
99492 162686
101172 163804
102852 164922
104532 166040
106212 167158
107892 168276
109572 169394
111252 170512
112932 171630
114612 172748
69814 145360
71494 146478
73174 147596
74854 148714
76534 149832
78214 150950
79894 152068
81574 153186
83254 154304
84934 155422
86614 156540
88294 157658
89974 158776
91654 159894
93334 161012
95014 162130
96694 163248
98374 164366
100054 165484
101734 166602
103414 167720
105094 168838
106774 169956
108454 171074
110134 172192
111814 173310
113494 174428
68696 147040
70376 148158
72056 149276
73736 150394
75416 151512
77096 152630
78776 153748
80456 154866
82136 155984
83816 157102
85496 158220
87176 159338
88856 160456
90536 161574
92216 162692
93896 163810
95576 164928
97256 166046
98936 167164
100616 168282
102296 169400
103976 170518
105656 171636
107336 172754
109016 173872
110696 174990
112376 176108
67578 148720
69258 149838
70938 150956
72618 152074
74298 153192
75978 154310
77658 155428
79338 156546
81018 157664
82698 158782
84378 159900
86058 161018
87738 162136
89418 163254
91098 164372
92778 165490
94458 166608
96138 167726
97818 168844
99498 169962
101178 171080
102858 172198
104538 173316
106218 174434
107898 175552
109578 176670
111258 177788
66460 150400
68140 151518
69820 152636
71500 153754
73180 154872
74860 155990
76540 157108
78220 158226
79900 159344
81580 160462
83260 161580
84940 162698
86620 163816
88300 164934
89980 166052
91660 167170
93340 168288
95020 169406
96700 170524
98380 171642
100060 172760
101740 173878
103420 174996
105100 176114
106780 177232
108460 178350
110140 179468
65342 152080
67022 153198
68702 154316
70382 155434
72062 156552
73742 157670
75422 158788
77102 159906
78782 161024
80462 162142
82142 163260
83822 164378
85502 165496
87182 166614
88862 167732
90542 168850
92222 169968
93902 171086
95582 172204
97262 173322
98942 174440
100622 175558
102302 176676
103982 177794
105662 178912
107342 180030
109022 181148
64224 153760
65904 154878
67584 155996
69264 157114
70944 158232
72624 159350
74304 160468
75984 161586
77664 162704
79344 163822
81024 164940
82704 166058
84384 167176
86064 168294
87744 169412
89424 170530
91104 171648
92784 172766
94464 173884
96144 175002
97824 176120
99504 177238
101184 178356
102864 179474
104544 180592
106224 181710
107904 182828
63106 155440
64786 156558
66466 157676
68146 158794
69826 159912
71506 161030
73186 162148
74866 163266
76546 164384
78226 165502
79906 166620
81586 167738
83266 168856
84946 169974
86626 171092
88306 172210
89986 173328
91666 174446
93346 175564
95026 176682
96706 177800
98386 178918
100066 180036
101746 181154
103426 182272
105106 183390
106786 184508
61988 157120
63668 158238
65348 159356
67028 160474
68708 161592
70388 162710
72068 163828
73748 164946
75428 166064
77108 167182
78788 168300
80468 169418
82148 170536
83828 171654
85508 172772
87188 173890
88868 175008
90548 176126
92228 177244
93908 178362
95588 179480
97268 180598
98948 181716
100628 182834
102308 183952
103988 185070
105668 186188
60870 158800
62550 159918
64230 161036
65910 162154
67590 163272
69270 164390
70950 165508
72630 166626
74310 167744
75990 168862
77670 169980
79350 171098
81030 172216
82710 173334
84390 174452
86070 175570
87750 176688
89430 177806
91110 178924
92790 180042
94470 181160
96150 182278
97830 183396
99510 184514
101190 185632
102870 186750
104550 187868
59752 160480
61432 161598
63112 162716
64792 163834
66472 164952
68152 166070
69832 167188
71512 168306
73192 169424
74872 170542
76552 171660
78232 172778
79912 173896
81592 175014
83272 176132
84952 177250
86632 178368
88312 179486
89992 180604
91672 181722
93352 182840
95032 183958
96712 185076
98392 186194
100072 187312
101752 188430
103432 189548
